200 150 0 0 0 0 0
250 150 0 0 0 0 1
300 150 0 0 0 0 2
350 150 0 0 0 0 3
400 150 0 0 0 0 4
450 150 0 0 0 0 5
500 150 0 0 0 0 6
550 150 0 0 0 0 7
600 150 0 0 0 0 8
650 150 0 0 0 0 9
700 150 0 0 0 0 10
750 150 0 0 0 0 11
800 150 0 0 0 0 12
850 150 0 0 0 0 13
900 150 0 0 0 0 14
950 150 0 0 0 0 15
1000 150 0 0 0 0 16
1050 150 0 0 0 0 17
1100 150 0 0 0 0 18
1150 150 0 0 0 0 19
1200 150 0 0 0 0 20
1250 150 0 0 0 0 21
1300 150 0 0 0 0 22
1350 150 0 0 0 0 23
1400 150 0 0 0 0 24
1450 150 0 0 0 0 25
1500 150 0 0 0 0 26
1550 150 0 0 0 0 27
1600 150 0 0 0 0 28
1650 150 0 0 0 0 29
1700 150 0 0 0 0 30
1750 150 0 0 0 0 31
1800 150 0 0 0 0 32
1850 150 0 0 0 0 33
1900 150 0 0 0 0 34
1950 150 0 0 0 0 35
2000 150 0 0 0 0 36
2050 150 0 0 0 0 37
2100 150 0 0 0 0 38
2150 150 0 0 0 0 39
2200 150 0 0 0 0 40
2250 150 0 0 0 0 41
2300 150 0 0 0 0 42
2350 150 0 0 0 0 43
2400 150 0 0 0 0 44
200 200 0 0 0 0 45
250 200 1 1 0 0 46
300 200 1 1 0 0 47
350 200 1 1 0 0 48
400 200 0 0 0 0 49
450 200 0 0 0 0 50
500 200 0 0 0 0 51
550 200 0 0 0 0 52
600 200 0 0 0 0 53
650 200 10 1 0 0 54
700 200 10 0 0 0 55
750 200 10 0 0 0 56
800 200 10 0 0 0 57
850 200 10 0 0 0 58
900 200 10 0 0 0 59
950 200 1 1 0 0 60
1000 200 0 0 0 0 61
1050 200 0 0 0 0 62
1100 200 0 0 0 0 63
1150 200 0 0 0 0 64
1200 200 0 0 0 0 65
1250 200 0 0 0 0 66
1300 200 0 0 0 0 67
1350 200 0 0 0 0 68
1400 200 0 0 0 0 69
1450 200 0 0 0 0 70
1500 200 0 0 0 0 71
1550 200 0 0 0 0 72
1600 200 0 0 0 0 73
1650 200 0 0 0 0 74
1700 200 0 0 0 0 75
1750 200 0 0 0 0 76
1800 200 0 0 0 0 77
1850 200 0 0 0 0 78
1900 200 0 0 0 0 79
1950 200 0 0 0 0 80
2000 200 0 0 0 0 81
2050 200 0 0 0 0 82
2100 200 0 0 0 0 83
2150 200 0 0 0 0 84
2200 200 0 0 0 0 85
2250 200 0 0 0 0 86
2300 200 0 0 0 0 87
2350 200 0 0 0 0 88
2400 200 0 0 0 0 89
200 250 1 1 0 0 90
250 250 1 1 0 0 91
300 250 1 1 0 0 92
350 250 1 1 0 0 93
400 250 1 1 0 0 94
450 250 0 0 0 0 95
500 250 0 0 0 0 96
550 250 0 0 0 0 97
600 250 0 0 0 0 98
650 250 10 0 0 0 99
700 250 10 0 0 0 100
750 250 10 0 0 0 101
800 250 10 0 0 0 102
850 250 10 0 0 0 103
900 250 10 0 0 0 104
950 250 8 1 0 0 105
1000 250 4 0 0 0 106
1050 250 4 0 0 0 107
1100 250 8 1 0 0 108
1150 250 4 0 0 0 109
1200 250 4 0 0 0 110
1250 250 0 0 0 0 111
1300 250 0 0 0 0 112
1350 250 0 0 0 0 113
1400 250 0 0 0 0 114
1450 250 0 0 0 0 115
1500 250 0 0 0 0 116
1550 250 0 0 0 0 117
1600 250 0 0 0 0 118
1650 250 0 0 0 0 119
1700 250 0 0 0 0 120
1750 250 0 0 0 0 121
1800 250 0 0 0 0 122
1850 250 0 0 0 0 123
1900 250 0 0 0 0 124
1950 250 0 0 0 0 125
2000 250 0 0 0 0 126
2050 250 0 0 0 0 127
2100 250 0 0 0 0 128
2150 250 0 0 0 0 129
2200 250 0 0 0 0 130
2250 250 0 0 0 0 131
2300 250 0 0 0 0 132
2350 250 0 0 0 0 133
2400 250 0 0 0 0 134
200 300 0 0 0 0 135
250 300 0 0 0 0 136
300 300 1 1 0 0 137
350 300 0 0 0 0 138
400 300 0 0 0 0 139
450 300 0 0 0 0 140
500 300 8 1 0 0 141
550 300 4 0 0 0 142
600 300 4 0 0 0 143
650 300 10 0 0 0 144
700 300 10 0 0 0 145
750 300 10 0 0 0 146
800 300 10 0 0 0 147
850 300 10 0 0 0 148
900 300 10 0 0 0 149
950 300 4 0 0 0 150
1000 300 4 0 0 0 151
1050 300 4 0 0 0 152
1100 300 4 0 0 0 153
1150 300 4 0 0 0 154
1200 300 4 0 0 0 155
1250 300 0 0 0 0 156
1300 300 0 0 0 0 157
1350 300 0 0 0 0 158
1400 300 0 0 0 0 159
1450 300 0 0 0 0 160
1500 300 0 0 0 0 161
1550 300 0 0 0 0 162
1600 300 0 0 0 0 163
1650 300 0 0 0 0 164
1700 300 0 0 0 0 165
1750 300 0 0 0 0 166
1800 300 0 0 0 0 167
1850 300 0 0 0 0 168
1900 300 0 0 0 0 169
1950 300 0 0 0 0 170
2000 300 0 0 0 0 171
2050 300 0 0 0 0 172
2100 300 0 0 0 0 173
2150 300 0 0 0 0 174
2200 300 0 0 0 0 175
2250 300 0 0 0 0 176
2300 300 0 0 0 0 177
2350 300 0 0 0 0 178
2400 300 0 0 0 0 179
200 350 0 0 0 0 180
250 350 0 0 0 0 181
300 350 0 0 0 0 182
350 350 0 0 0 0 183
400 350 0 0 0 0 184
450 350 0 0 0 0 185
500 350 4 0 0 0 186
550 350 4 0 0 0 187
600 350 4 0 0 0 188
650 350 10 0 0 0 189
700 350 10 0 0 0 190
750 350 10 0 0 0 191
800 350 10 0 0 0 192
850 350 10 0 0 0 193
900 350 10 0 0 0 194
950 350 4 0 0 0 195
1000 350 4 0 0 0 196
1050 350 4 0 0 0 197
1100 350 4 0 0 0 198
1150 350 4 0 0 0 199
1200 350 4 0 0 0 200
1250 350 0 0 0 0 201
1300 350 0 0 0 0 202
1350 350 0 0 0 0 203
1400 350 0 0 0 0 204
1450 350 1 1 0 0 205
1500 350 0 0 0 0 206
1550 350 0 0 0 0 207
1600 350 0 0 0 0 208
1650 350 0 0 0 0 209
1700 350 0 0 0 0 210
1750 350 0 0 0 0 211
1800 350 0 0 0 0 212
1850 350 0 0 0 0 213
1900 350 0 0 0 0 214
1950 350 0 0 0 0 215
2000 350 0 0 0 0 216
2050 350 0 0 0 0 217
2100 350 0 0 0 0 218
2150 350 0 0 0 0 219
2200 350 0 0 0 0 220
2250 350 0 0 0 0 221
2300 350 0 0 0 0 222
2350 350 0 0 0 0 223
2400 350 0 0 0 0 224
200 400 0 0 0 0 225
250 400 0 0 0 0 226
300 400 0 0 0 0 227
350 400 0 0 0 0 228
400 400 0 0 0 0 229
450 400 0 0 0 0 230
500 400 4 0 0 0 231
550 400 4 0 0 0 232
600 400 4 0 0 0 233
650 400 2 1 0 0 234
700 400 2 1 0 0 235
750 400 2 1 0 0 236
800 400 2 1 0 0 237
850 400 2 1 0 0 238
900 400 2 1 0 0 239
950 400 2 1 0 0 240
1000 400 2 1 0 0 241
1050 400 2 1 0 0 242
1100 400 2 1 0 0 243
1150 400 2 1 0 0 244
1200 400 2 1 0 0 245
1250 400 2 1 0 0 246
1300 400 8 1 0 0 247
1350 400 4 0 0 0 248
1400 400 4 0 0 0 249
1450 400 0 0 0 0 250
1500 400 0 0 0 0 251
1550 400 0 0 0 0 252
1600 400 0 0 0 0 253
1650 400 0 0 0 0 254
1700 400 0 0 0 0 255
1750 400 0 0 0 0 256
1800 400 0 0 0 0 257
1850 400 0 0 0 0 258
1900 400 0 0 0 0 259
1950 400 0 0 0 0 260
2000 400 0 0 0 0 261
2050 400 0 0 0 0 262
2100 400 0 0 0 0 263
2150 400 0 0 0 0 264
2200 400 0 0 0 0 265
2250 400 0 0 0 0 266
2300 400 0 0 0 0 267
2350 400 0 0 0 0 268
2400 400 0 0 0 0 269
200 450 0 0 0 0 270
250 450 0 0 0 0 271
300 450 0 0 0 0 272
350 450 0 0 0 0 273
400 450 0 0 0 0 274
450 450 0 0 0 0 275
500 450 0 0 0 0 276
550 450 0 0 0 0 277
600 450 0 0 0 0 278
650 450 8 1 0 0 279
700 450 4 0 0 0 280
750 450 4 0 0 0 281
800 450 0 0 0 0 282
850 450 8 1 0 0 283
900 450 4 0 0 0 284
950 450 4 0 0 0 285
1000 450 2 1 0 0 286
1050 450 0 0 0 0 287
1100 450 0 0 0 0 288
1150 450 0 0 0 0 289
1200 450 0 0 0 0 290
1250 450 0 0 0 0 291
1300 450 4 0 0 0 292
1350 450 4 0 0 0 293
1400 450 4 0 0 0 294
1450 450 0 0 0 0 295
1500 450 0 0 0 0 296
1550 450 0 0 0 0 297
1600 450 0 0 0 0 298
1650 450 0 0 0 0 299
1700 450 0 0 0 0 300
1750 450 0 0 0 0 301
1800 450 0 0 0 0 302
1850 450 0 0 0 0 303
1900 450 0 0 0 0 304
1950 450 0 0 0 0 305
2000 450 0 0 0 0 306
2050 450 0 0 0 0 307
2100 450 0 0 0 0 308
2150 450 0 0 0 0 309
2200 450 0 0 0 0 310
2250 450 0 0 0 0 311
2300 450 0 0 0 0 312
2350 450 0 0 0 0 313
2400 450 0 0 0 0 314
200 500 0 0 0 0 315
250 500 0 0 0 0 316
300 500 0 0 0 0 317
350 500 0 0 0 0 318
400 500 1 1 0 0 319
450 500 1 1 0 0 320
500 500 0 0 0 0 321
550 500 0 0 0 0 322
600 500 0 0 0 0 323
650 500 4 0 0 0 324
700 500 4 0 0 0 325
750 500 4 0 0 0 326
800 500 0 0 0 0 327
850 500 4 0 0 0 328
900 500 4 0 0 0 329
950 500 4 0 0 0 330
1000 500 0 0 0 0 331
1050 500 2 1 0 0 332
1100 500 0 0 0 0 333
1150 500 0 0 0 0 334
1200 500 0 0 0 0 335
1250 500 0 0 0 0 336
1300 500 4 0 0 0 337
1350 500 4 0 0 0 338
1400 500 4 0 0 0 339
1450 500 0 0 0 0 340
1500 500 0 0 0 0 341
1550 500 0 0 0 0 342
1600 500 0 0 0 0 343
1650 500 0 0 0 0 344
1700 500 0 0 0 0 345
1750 500 0 0 0 0 346
1800 500 0 0 0 0 347
1850 500 0 0 0 0 348
1900 500 0 0 0 0 349
1950 500 0 0 0 0 350
2000 500 0 0 0 0 351
2050 500 0 0 0 0 352
2100 500 0 0 0 0 353
2150 500 0 0 0 0 354
2200 500 0 0 0 0 355
2250 500 0 0 0 0 356
2300 500 0 0 0 0 357
2350 500 0 0 0 0 358
2400 500 0 0 0 0 359
200 550 0 0 0 0 360
250 550 0 0 0 0 361
300 550 0 0 0 0 362
350 550 0 0 0 0 363
400 550 1 1 0 0 364
450 550 1 1 0 0 365
500 550 1 1 0 0 366
550 550 1 1 0 0 367
600 550 0 0 0 0 368
650 550 4 0 0 0 369
700 550 4 0 0 0 370
750 550 4 0 0 0 371
800 550 0 0 0 0 372
850 550 4 0 0 0 373
900 550 4 0 0 0 374
950 550 4 0 0 0 375
1000 550 0 0 0 0 376
1050 550 2 1 0 0 377
1100 550 0 0 0 0 378
1150 550 0 0 0 0 379
1200 550 0 0 0 0 380
1250 550 0 0 0 0 381
1300 550 0 0 0 0 382
1350 550 0 0 0 0 383
1400 550 0 0 0 0 384
1450 550 0 0 0 0 385
1500 550 0 0 0 0 386
1550 550 0 0 0 0 387
1600 550 0 0 0 0 388
1650 550 0 0 0 0 389
1700 550 0 0 0 0 390
1750 550 0 0 0 0 391
1800 550 0 0 0 0 392
1850 550 0 0 0 0 393
1900 550 0 0 0 0 394
1950 550 0 0 0 0 395
2000 550 0 0 0 0 396
2050 550 0 0 0 0 397
2100 550 0 0 0 0 398
2150 550 0 0 0 0 399
2200 550 0 0 0 0 400
2250 550 0 0 0 0 401
2300 550 0 0 0 0 402
2350 550 0 0 0 0 403
2400 550 0 0 0 0 404
200 600 0 0 0 184 405
250 600 0 0 0 0 406
300 600 0 0 0 0 407
350 600 0 0 0 0 408
400 600 1 1 0 0 409
450 600 1 1 0 0 410
500 600 1 1 0 0 411
550 600 1 1 0 0 412
600 600 1 1 0 0 413
650 600 0 0 0 0 414
700 600 0 0 0 0 415
750 600 0 0 0 0 416
800 600 0 0 0 0 417
850 600 0 0 0 0 418
900 600 0 0 0 0 419
950 600 0 0 0 0 420
1000 600 0 0 0 0 421
1050 600 2 1 0 0 422
1100 600 0 0 0 0 423
1150 600 0 0 0 0 424
1200 600 0 0 0 0 425
1250 600 0 0 0 0 426
1300 600 0 0 0 0 427
1350 600 0 0 0 0 428
1400 600 0 0 0 0 429
1450 600 0 0 0 0 430
1500 600 0 0 0 0 431
1550 600 0 0 0 0 432
1600 600 0 0 0 0 433
1650 600 0 0 0 0 434
1700 600 0 0 0 0 435
1750 600 0 0 0 0 436
1800 600 0 0 0 0 437
1850 600 0 0 0 0 438
1900 600 0 0 0 0 439
1950 600 0 0 0 0 440
2000 600 0 0 0 0 441
2050 600 0 0 0 0 442
2100 600 0 0 0 0 443
2150 600 0 0 0 0 444
2200 600 0 0 0 0 445
2250 600 0 0 0 0 446
2300 600 0 0 0 0 447
2350 600 0 0 0 0 448
2400 600 0 0 0 0 449
200 650 0 0 0 0 450
250 650 0 0 0 0 451
300 650 0 0 0 0 452
350 650 0 0 0 0 453
400 650 0 0 0 0 454
450 650 0 0 0 0 455
500 650 0 0 0 0 456
550 650 0 0 0 0 457
600 650 0 0 0 0 458
650 650 0 0 0 0 459
700 650 0 0 0 0 460
750 650 9 1 0 0 461
800 650 9 0 0 0 462
850 650 9 0 0 0 463
900 650 9 0 0 0 464
950 650 9 0 0 0 465
1000 650 9 0 0 0 466
1050 650 2 1 0 0 467
1100 650 10 1 0 0 468
1150 650 10 0 0 0 469
1200 650 10 0 0 0 470
1250 650 10 0 0 0 471
1300 650 10 0 0 0 472
1350 650 10 0 0 0 473
1400 650 1 1 0 0 474
1450 650 0 0 0 0 475
1500 650 0 0 0 0 476
1550 650 0 0 0 0 477
1600 650 0 0 0 0 478
1650 650 0 0 0 0 479
1700 650 0 0 0 0 480
1750 650 0 0 0 0 481
1800 650 0 0 0 0 482
1850 650 0 0 0 0 483
1900 650 0 0 0 0 484
1950 650 1 1 0 0 485
2000 650 0 0 0 0 486
2050 650 1 1 0 0 487
2100 650 1 1 0 0 488
2150 650 1 1 0 0 489
2200 650 1 1 0 0 490
2250 650 0 0 0 0 491
2300 650 0 0 0 0 492
2350 650 0 0 0 0 493
2400 650 0 0 0 0 494
200 700 0 0 0 0 495
250 700 0 0 0 0 496
300 700 0 0 0 0 497
350 700 0 0 0 0 498
400 700 0 0 0 0 499
450 700 0 0 0 0 500
500 700 0 0 0 0 501
550 700 0 0 0 0 502
600 700 0 0 0 0 503
650 700 0 0 0 0 504
700 700 0 0 0 0 505
750 700 9 0 0 0 506
800 700 9 0 0 0 507
850 700 9 0 0 0 508
900 700 9 0 0 0 509
950 700 9 0 0 0 510
1000 700 9 0 0 0 511
1050 700 0 0 0 0 512
1100 700 10 0 0 0 513
1150 700 10 0 0 0 514
1200 700 10 0 0 0 515
1250 700 10 0 0 0 516
1300 700 10 0 0 0 517
1350 700 10 0 0 0 518
1400 700 1 1 0 0 519
1450 700 0 0 0 0 520
1500 700 0 0 0 0 521
1550 700 0 0 0 0 522
1600 700 0 0 0 0 523
1650 700 0 0 0 0 524
1700 700 0 0 0 0 525
1750 700 0 0 0 0 526
1800 700 0 0 0 0 527
1850 700 0 0 0 0 528
1900 700 0 0 0 0 529
1950 700 0 0 0 0 530
2000 700 0 0 0 0 531
2050 700 0 0 0 0 532
2100 700 0 0 0 0 533
2150 700 1 1 0 0 534
2200 700 1 1 0 0 535
2250 700 0 0 0 0 536
2300 700 0 0 0 0 537
2350 700 0 0 0 0 538
2400 700 0 0 0 0 539
200 750 0 0 0 0 540
250 750 0 0 0 0 541
300 750 0 0 0 0 542
350 750 0 0 0 0 543
400 750 0 0 0 0 544
450 750 0 0 0 0 545
500 750 0 0 0 0 546
550 750 0 0 0 0 547
600 750 0 0 0 0 548
650 750 0 0 0 0 549
700 750 0 0 0 0 550
750 750 9 0 0 0 551
800 750 9 0 0 0 552
850 750 9 0 0 0 553
900 750 9 0 0 0 554
950 750 9 0 0 0 555
1000 750 9 0 0 0 556
1050 750 0 0 0 0 557
1100 750 10 0 0 0 558
1150 750 10 0 0 0 559
1200 750 10 0 0 0 560
1250 750 10 0 0 0 561
1300 750 10 0 0 0 562
1350 750 10 0 0 0 563
1400 750 0 0 0 0 564
1450 750 0 0 0 0 565
1500 750 0 0 0 0 566
1550 750 0 0 0 0 567
1600 750 0 0 0 0 568
1650 750 0 0 0 0 569
1700 750 0 0 0 0 570
1750 750 0 0 0 0 571
1800 750 0 0 0 0 572
1850 750 0 0 0 0 573
1900 750 0 0 0 0 574
1950 750 0 0 0 0 575
2000 750 0 0 0 0 576
2050 750 0 0 0 0 577
2100 750 0 0 0 0 578
2150 750 0 0 0 0 579
2200 750 0 0 0 0 580
2250 750 0 0 0 0 581
2300 750 0 0 0 0 582
2350 750 0 0 0 0 583
2400 750 0 0 0 0 584
200 800 0 0 0 0 585
250 800 0 0 0 0 586
300 800 0 0 0 0 587
350 800 0 0 0 0 588
400 800 0 0 0 0 589
450 800 0 0 0 0 590
500 800 0 0 0 0 591
550 800 0 0 0 0 592
600 800 0 0 0 0 593
650 800 0 0 0 0 594
700 800 0 0 0 0 595
750 800 9 0 0 0 596
800 800 9 0 0 0 597
850 800 9 0 0 0 598
900 800 9 0 0 0 599
950 800 9 0 0 0 600
1000 800 9 0 0 0 601
1050 800 0 0 0 0 602
1100 800 10 0 0 0 603
1150 800 10 0 0 0 604
1200 800 10 0 0 0 605
1250 800 10 0 0 0 606
1300 800 10 0 0 250 607
1350 800 10 0 128 15 608
1400 800 0 0 0 0 609
1450 800 0 0 0 0 610
1500 800 0 0 0 0 611
1550 800 0 0 0 0 612
1600 800 0 0 0 0 613
1650 800 0 0 0 0 614
1700 800 0 0 0 0 615
1750 800 0 0 0 0 616
1800 800 0 0 0 0 617
1850 800 0 0 0 0 618
1900 800 0 0 0 0 619
1950 800 0 0 0 0 620
2000 800 0 0 0 0 621
2050 800 0 0 0 0 622
2100 800 0 0 0 0 623
2150 800 0 0 0 0 624
2200 800 0 0 0 0 625
2250 800 0 0 0 0 626
2300 800 0 0 0 0 627
2350 800 0 0 0 0 628
2400 800 0 0 0 0 629
200 850 0 0 0 0 630
250 850 0 0 0 0 631
300 850 0 0 0 0 632
350 850 0 0 0 0 633
400 850 0 0 0 0 634
450 850 0 0 0 0 635
500 850 0 0 0 0 636
550 850 0 0 0 0 637
600 850 0 0 0 0 638
650 850 0 0 0 0 639
700 850 0 0 0 0 640
750 850 0 0 0 0 641
800 850 0 0 0 0 642
850 850 0 0 0 0 643
900 850 0 0 0 0 644
950 850 0 0 0 0 645
1000 850 0 0 0 0 646
1050 850 0 0 0 0 647
1100 850 0 0 0 0 648
1150 850 0 0 0 0 649
1200 850 0 0 0 0 650
1250 850 0 0 0 0 651
1300 850 0 0 0 0 652
1350 850 0 0 0 0 653
1400 850 0 0 0 0 654
1450 850 0 0 0 0 655
1500 850 0 0 0 0 656
1550 850 0 0 0 0 657
1600 850 0 0 0 0 658
1650 850 0 0 0 0 659
1700 850 0 0 0 0 660
1750 850 0 0 0 0 661
1800 850 0 0 0 0 662
1850 850 0 0 0 0 663
1900 850 0 0 0 0 664
1950 850 0 0 0 0 665
2000 850 0 0 0 0 666
2050 850 0 0 0 0 667
2100 850 0 0 0 0 668
2150 850 0 0 0 0 669
2200 850 0 0 0 0 670
2250 850 0 0 0 0 671
2300 850 0 0 0 0 672
2350 850 0 0 0 0 673
2400 850 0 0 0 0 674
200 900 0 0 0 0 675
250 900 0 0 0 0 676
300 900 0 0 0 0 677
350 900 0 0 0 0 678
400 900 0 0 0 0 679
450 900 0 0 0 0 680
500 900 0 0 0 0 681
550 900 0 0 0 0 682
600 900 0 0 0 0 683
650 900 0 0 0 0 684
700 900 0 0 0 0 685
750 900 0 0 0 0 686
800 900 0 0 0 0 687
850 900 0 0 0 0 688
900 900 0 0 0 0 689
950 900 0 0 0 0 690
1000 900 0 0 0 0 691
1050 900 0 0 0 0 692
1100 900 0 0 0 0 693
1150 900 0 0 0 0 694
1200 900 0 0 0 0 695
1250 900 0 0 0 0 696
1300 900 0 0 0 0 697
1350 900 0 0 0 0 698
1400 900 0 0 0 0 699
1450 900 0 0 0 0 700
1500 900 0 0 0 0 701
1550 900 0 0 0 0 702
1600 900 0 0 0 0 703
1650 900 0 0 0 0 704
1700 900 0 0 0 0 705
1750 900 0 0 0 0 706
1800 900 0 0 0 0 707
1850 900 0 0 0 0 708
1900 900 0 0 0 0 709
1950 900 0 0 0 0 710
2000 900 0 0 0 0 711
2050 900 0 0 0 0 712
2100 900 0 0 0 0 713
2150 900 0 0 0 0 714
2200 900 0 0 0 0 715
2250 900 0 0 0 0 716
2300 900 0 0 0 0 717
2350 900 0 0 0 0 718
2400 900 0 0 0 0 719
200 950 0 0 0 0 720
250 950 0 0 0 0 721
300 950 0 0 0 0 722
350 950 0 0 0 0 723
400 950 0 0 0 0 724
450 950 0 0 0 0 725
500 950 0 0 0 0 726
550 950 0 0 0 0 727
600 950 0 0 0 0 728
650 950 0 0 0 0 729
700 950 0 0 0 0 730
750 950 0 0 0 0 731
800 950 0 0 0 0 732
850 950 0 0 0 0 733
900 950 0 0 0 0 734
950 950 0 0 0 0 735
1000 950 0 0 0 0 736
1050 950 0 0 0 0 737
1100 950 0 0 0 0 738
1150 950 0 0 0 0 739
1200 950 0 0 0 0 740
1250 950 0 0 0 0 741
1300 950 0 0 0 0 742
1350 950 0 0 0 0 743
1400 950 0 0 0 0 744
1450 950 0 0 0 0 745
1500 950 0 0 0 0 746
1550 950 0 0 0 0 747
1600 950 0 0 0 0 748
1650 950 0 0 0 0 749
1700 950 0 0 0 0 750
1750 950 0 0 0 0 751
1800 950 0 0 0 0 752
1850 950 0 0 0 0 753
1900 950 0 0 0 0 754
1950 950 0 0 0 0 755
2000 950 0 0 0 0 756
2050 950 0 0 0 0 757
2100 950 0 0 0 0 758
2150 950 0 0 0 0 759
2200 950 0 0 0 0 760
2250 950 0 0 0 0 761
2300 950 0 0 0 0 762
2350 950 0 0 0 0 763
2400 950 0 0 0 0 764
200 1000 0 0 0 0 765
250 1000 0 0 0 0 766
300 1000 0 0 0 0 767
350 1000 0 0 0 0 768
400 1000 1 1 0 0 769
450 1000 1 1 0 0 770
500 1000 1 1 0 0 771
550 1000 0 0 0 0 772
600 1000 0 0 0 0 773
650 1000 0 0 0 0 774
700 1000 0 0 0 0 775
750 1000 0 0 0 0 776
800 1000 0 0 0 0 777
850 1000 0 0 0 0 778
900 1000 0 0 0 0 779
950 1000 0 0 0 0 780
1000 1000 0 0 0 0 781
1050 1000 0 0 0 0 782
1100 1000 0 0 0 0 783
1150 1000 0 0 0 0 784
1200 1000 0 0 0 0 785
1250 1000 0 0 0 0 786
1300 1000 0 0 0 0 787
1350 1000 0 0 0 0 788
1400 1000 0 0 0 0 789
1450 1000 0 0 0 0 790
1500 1000 0 0 0 0 791
1550 1000 0 0 0 0 792
1600 1000 0 0 0 0 793
1650 1000 0 0 0 0 794
1700 1000 0 0 0 0 795
1750 1000 0 0 0 0 796
1800 1000 0 0 0 0 797
1850 1000 0 0 0 0 798
1900 1000 0 0 0 0 799
1950 1000 1 1 0 0 800
2000 1000 0 0 0 0 801
2050 1000 0 0 0 0 802
2100 1000 0 0 0 0 803
2150 1000 0 0 0 0 804
2200 1000 0 0 0 0 805
2250 1000 0 0 0 0 806
2300 1000 0 0 0 0 807
2350 1000 0 0 0 0 808
2400 1000 0 0 0 0 809
200 1050 0 0 0 0 810
250 1050 0 0 0 0 811
300 1050 0 0 0 0 812
350 1050 0 0 0 0 813
400 1050 1 1 0 0 814
450 1050 1 1 0 0 815
500 1050 1 1 0 0 816
550 1050 1 1 0 0 817
600 1050 1 1 0 0 818
650 1050 0 0 0 0 819
700 1050 0 0 0 0 820
750 1050 0 0 0 0 821
800 1050 0 0 0 0 822
850 1050 0 0 0 0 823
900 1050 0 0 0 0 824
950 1050 0 0 0 0 825
1000 1050 0 0 0 0 826
1050 1050 0 0 0 0 827
1100 1050 0 0 0 0 828
1150 1050 0 0 0 0 829
1200 1050 0 0 0 0 830
1250 1050 0 0 0 0 831
1300 1050 0 0 0 0 832
1350 1050 0 0 0 0 833
1400 1050 0 0 0 0 834
1450 1050 0 0 0 0 835
1500 1050 0 0 0 0 836
1550 1050 0 0 0 0 837
1600 1050 0 0 0 0 838
1650 1050 0 0 0 0 839
1700 1050 0 0 0 0 840
1750 1050 0 0 0 0 841
1800 1050 0 0 0 0 842
1850 1050 0 0 0 0 843
1900 1050 0 0 0 0 844
1950 1050 0 0 0 0 845
2000 1050 0 0 0 0 846
2050 1050 0 0 0 0 847
2100 1050 0 0 0 0 848
2150 1050 0 0 0 0 849
2200 1050 0 0 0 0 850
2250 1050 0 0 0 0 851
2300 1050 0 0 0 0 852
2350 1050 0 0 0 0 853
2400 1050 0 0 0 0 854
200 1100 0 0 0 0 855
250 1100 0 0 0 0 856
300 1100 0 0 0 0 857
350 1100 0 0 0 0 858
400 1100 1 1 0 0 859
450 1100 1 1 0 0 860
500 1100 1 1 0 0 861
550 1100 0 0 0 0 862
600 1100 0 0 0 0 863
650 1100 0 0 0 0 864
700 1100 0 0 0 0 865
750 1100 0 0 0 0 866
800 1100 0 0 0 0 867
850 1100 0 0 0 0 868
900 1100 0 0 0 0 869
950 1100 0 0 0 0 870
1000 1100 0 0 0 0 871
1050 1100 0 0 0 0 872
1100 1100 0 0 0 0 873
1150 1100 0 0 0 0 874
1200 1100 0 0 0 0 875
1250 1100 0 0 0 0 876
1300 1100 0 0 0 0 877
1350 1100 0 0 0 0 878
1400 1100 0 0 0 0 879
1450 1100 0 0 0 0 880
1500 1100 0 0 0 0 881
1550 1100 0 0 0 0 882
1600 1100 0 0 0 0 883
1650 1100 0 0 0 0 884
1700 1100 0 0 0 0 885
1750 1100 0 0 0 0 886
1800 1100 0 0 0 0 887
1850 1100 0 0 0 0 888
1900 1100 0 0 0 0 889
1950 1100 0 0 0 0 890
2000 1100 0 0 0 0 891
2050 1100 0 0 0 0 892
2100 1100 0 0 0 0 893
2150 1100 0 0 0 0 894
2200 1100 0 0 0 0 895
2250 1100 0 0 0 0 896
2300 1100 0 0 0 0 897
2350 1100 0 0 0 0 898
2400 1100 0 0 0 0 899
200 1150 0 0 0 0 900
250 1150 0 0 0 0 901
300 1150 0 0 0 0 902
350 1150 0 0 0 0 903
400 1150 0 0 0 0 904
450 1150 0 0 0 0 905
500 1150 0 0 0 0 906
550 1150 0 0 0 0 907
600 1150 0 0 0 0 908
650 1150 0 0 0 0 909
700 1150 0 0 0 0 910
750 1150 0 0 0 0 911
800 1150 0 0 0 0 912
850 1150 0 0 0 0 913
900 1150 0 0 0 0 914
950 1150 0 0 0 0 915
1000 1150 0 0 0 0 916
1050 1150 0 0 0 0 917
1100 1150 0 0 0 0 918
1150 1150 0 0 0 0 919
1200 1150 0 0 0 0 920
1250 1150 0 0 0 0 921
1300 1150 0 0 0 0 922
1350 1150 0 0 0 0 923
1400 1150 0 0 0 0 924
1450 1150 0 0 0 0 925
1500 1150 0 0 0 0 926
1550 1150 0 0 0 0 927
1600 1150 0 0 0 0 928
1650 1150 0 0 0 0 929
1700 1150 0 0 0 0 930
1750 1150 0 0 0 0 931
1800 1150 0 0 0 0 932
1850 1150 0 0 0 0 933
1900 1150 0 0 0 0 934
1950 1150 0 0 0 0 935
2000 1150 0 0 0 0 936
2050 1150 0 0 0 0 937
2100 1150 0 0 0 0 938
2150 1150 0 0 0 0 939
2200 1150 0 0 0 0 940
2250 1150 0 0 0 0 941
2300 1150 0 0 0 0 942
2350 1150 0 0 0 0 943
2400 1150 0 0 0 0 944
200 1200 0 0 0 0 945
250 1200 0 0 0 0 946
300 1200 0 0 0 0 947
350 1200 0 0 0 0 948
400 1200 0 0 0 0 949
450 1200 0 0 0 0 950
500 1200 0 0 0 0 951
550 1200 0 0 0 0 952
600 1200 0 0 0 0 953
650 1200 0 0 0 0 954
700 1200 0 0 0 0 955
750 1200 0 0 0 0 956
800 1200 0 0 0 0 957
850 1200 0 0 0 0 958
900 1200 0 0 0 0 959
950 1200 0 0 0 0 960
1000 1200 0 0 0 0 961
1050 1200 0 0 0 0 962
1100 1200 0 0 0 0 963
1150 1200 0 0 0 0 964
1200 1200 0 0 0 0 965
1250 1200 0 0 0 0 966
1300 1200 0 0 0 0 967
1350 1200 0 0 0 0 968
1400 1200 0 0 0 0 969
1450 1200 0 0 0 0 970
1500 1200 0 0 0 0 971
1550 1200 0 0 0 0 972
1600 1200 0 0 0 0 973
1650 1200 0 0 0 0 974
1700 1200 0 0 0 0 975
1750 1200 0 0 0 0 976
1800 1200 0 0 0 0 977
1850 1200 0 0 0 0 978
1900 1200 0 0 0 0 979
1950 1200 0 0 0 0 980
2000 1200 0 0 0 0 981
2050 1200 0 0 0 0 982
2100 1200 0 0 0 0 983
2150 1200 0 0 0 0 984
2200 1200 0 0 0 0 985
2250 1200 0 0 0 0 986
2300 1200 0 0 0 0 987
2350 1200 0 0 0 0 988
2400 1200 0 0 0 0 989
200 1250 0 0 0 0 990
250 1250 0 0 0 0 991
300 1250 0 0 0 0 992
350 1250 0 0 0 0 993
400 1250 0 0 0 0 994
450 1250 0 0 0 0 995
500 1250 0 0 0 0 996
550 1250 0 0 0 0 997
600 1250 0 0 0 0 998
650 1250 0 0 0 0 999
700 1250 0 0 0 0 1000
750 1250 0 0 0 0 1001
800 1250 0 0 0 0 1002
850 1250 0 0 0 0 1003
900 1250 0 0 0 0 1004
950 1250 0 0 0 0 1005
1000 1250 0 0 0 0 1006
1050 1250 0 0 0 0 1007
1100 1250 0 0 0 0 1008
1150 1250 0 0 0 0 1009
1200 1250 0 0 0 0 1010
1250 1250 0 0 0 0 1011
1300 1250 0 0 0 0 1012
1350 1250 0 0 0 0 1013
1400 1250 0 0 0 0 1014
1450 1250 0 0 0 0 1015
1500 1250 0 0 0 0 1016
1550 1250 0 0 0 0 1017
1600 1250 0 0 0 0 1018
1650 1250 0 0 0 0 1019
1700 1250 0 0 0 0 1020
1750 1250 0 0 0 0 1021
1800 1250 0 0 0 0 1022
1850 1250 0 0 0 0 1023
1900 1250 0 0 0 0 1024
1950 1250 0 0 0 0 1025
2000 1250 0 0 0 0 1026
2050 1250 0 0 0 0 1027
2100 1250 0 0 0 0 1028
2150 1250 0 0 0 0 1029
2200 1250 0 0 0 0 1030
2250 1250 0 0 0 0 1031
2300 1250 0 0 0 0 1032
2350 1250 0 0 0 0 1033
2400 1250 0 0 0 0 1034
200 1300 0 0 0 0 1035
250 1300 0 0 0 0 1036
300 1300 0 0 0 0 1037
350 1300 0 0 0 0 1038
400 1300 0 0 0 0 1039
450 1300 0 0 0 0 1040
500 1300 0 0 0 0 1041
550 1300 0 0 0 0 1042
600 1300 0 0 0 0 1043
650 1300 0 0 0 0 1044
700 1300 0 0 0 0 1045
750 1300 0 0 0 0 1046
800 1300 0 0 0 0 1047
850 1300 0 0 0 0 1048
900 1300 0 0 0 0 1049
950 1300 0 0 0 0 1050
1000 1300 0 0 0 0 1051
1050 1300 0 0 0 0 1052
1100 1300 0 0 0 0 1053
1150 1300 0 0 0 0 1054
1200 1300 0 0 0 0 1055
1250 1300 0 0 0 0 1056
1300 1300 0 0 0 0 1057
1350 1300 1 1 0 0 1058
1400 1300 1 1 0 0 1059
1450 1300 1 1 0 0 1060
1500 1300 1 1 0 0 1061
1550 1300 0 0 0 0 1062
1600 1300 0 0 0 0 1063
1650 1300 0 0 0 0 1064
1700 1300 0 0 0 0 1065
1750 1300 0 0 0 0 1066
1800 1300 0 0 0 0 1067
1850 1300 0 0 0 0 1068
1900 1300 0 0 0 0 1069
1950 1300 0 0 0 0 1070
2000 1300 0 0 0 0 1071
2050 1300 0 0 0 0 1072
2100 1300 0 0 0 0 1073
2150 1300 0 0 0 0 1074
2200 1300 0 0 0 0 1075
2250 1300 0 0 0 0 1076
2300 1300 0 0 0 0 1077
2350 1300 0 0 0 184 1078
2400 1300 0 0 0 0 1079
200 1350 0 0 0 0 1080
250 1350 0 0 0 0 1081
300 1350 0 0 0 0 1082
350 1350 0 0 0 0 1083
400 1350 0 0 0 0 1084
450 1350 0 0 0 0 1085
500 1350 0 0 0 0 1086
550 1350 0 0 0 0 1087
600 1350 0 0 0 0 1088
650 1350 0 0 0 0 1089
700 1350 0 0 0 0 1090
750 1350 0 0 0 0 1091
800 1350 0 0 0 0 1092
850 1350 0 0 0 0 1093
900 1350 0 0 0 0 1094
950 1350 0 0 0 0 1095
1000 1350 1 1 0 0 1096
1050 1350 1 1 0 0 1097
1100 1350 1 1 0 0 1098
1150 1350 1 1 0 0 1099
1200 1350 1 1 0 0 1100
1250 1350 1 1 0 0 1101
1300 1350 1 1 0 0 1102
1350 1350 1 1 0 0 1103
1400 1350 1 1 0 0 1104
1450 1350 1 1 0 0 1105
1500 1350 1 1 0 0 1106
1550 1350 1 1 0 0 1107
1600 1350 0 0 0 0 1108
1650 1350 0 0 0 0 1109
1700 1350 0 0 0 0 1110
1750 1350 0 0 0 0 1111
1800 1350 0 0 0 0 1112
1850 1350 0 0 0 0 1113
1900 1350 0 0 0 0 1114
1950 1350 0 0 0 0 1115
2000 1350 0 0 0 0 1116
2050 1350 0 0 0 0 1117
2100 1350 0 0 0 0 1118
2150 1350 0 0 0 0 1119
2200 1350 0 0 0 0 1120
2250 1350 0 0 0 0 1121
2300 1350 0 0 0 0 1122
2350 1350 0 0 0 0 1123
2400 1350 0 0 0 0 1124
200 1400 0 0 0 0 1125
250 1400 0 0 0 0 1126
300 1400 0 0 0 0 1127
350 1400 0 0 0 0 1128
400 1400 0 0 0 0 1129
450 1400 0 0 0 0 1130
500 1400 0 0 0 0 1131
550 1400 0 0 0 0 1132
600 1400 0 0 0 0 1133
650 1400 0 0 0 0 1134
700 1400 0 0 0 0 1135
750 1400 0 0 0 0 1136
800 1400 0 0 0 0 1137
850 1400 0 0 0 250 1138
900 1400 0 0 0 0 1139
950 1400 0 0 0 0 1140
1000 1400 1 1 0 0 1141
1050 1400 1 1 0 0 1142
1100 1400 1 1 0 0 1143
1150 1400 1 1 0 0 1144
1200 1400 1 1 0 0 1145
1250 1400 1 1 0 0 1146
1300 1400 1 1 0 0 1147
1350 1400 1 1 0 0 1148
1400 1400 1 1 0 0 1149
1450 1400 1 1 0 0 1150
1500 1400 1 1 0 0 1151
1550 1400 1 1 0 0 1152
1600 1400 0 0 0 0 1153
1650 1400 0 0 0 0 1154
1700 1400 0 0 0 0 1155
1750 1400 0 0 0 0 1156
1800 1400 0 0 0 0 1157
1850 1400 0 0 0 0 1158
1900 1400 0 0 0 0 1159
1950 1400 0 0 0 0 1160
2000 1400 0 0 0 0 1161
2050 1400 0 0 0 0 1162
2100 1400 0 0 0 0 1163
2150 1400 0 0 0 0 1164
2200 1400 0 0 0 0 1165
2250 1400 0 0 0 0 1166
2300 1400 0 0 0 0 1167
2350 1400 0 0 0 0 1168
2400 1400 0 0 0 0 1169
200 1450 0 0 0 0 1170
250 1450 0 0 0 0 1171
300 1450 0 0 0 0 1172
350 1450 0 0 0 0 1173
400 1450 0 0 0 0 1174
450 1450 0 0 0 0 1175
500 1450 0 0 0 0 1176
550 1450 0 0 0 0 1177
600 1450 0 0 0 0 1178
650 1450 0 0 0 0 1179
700 1450 0 0 0 0 1180
750 1450 0 0 0 0 1181
800 1450 0 0 0 0 1182
850 1450 0 0 0 0 1183
900 1450 0 0 0 0 1184
950 1450 0 0 0 0 1185
1000 1450 0 0 0 0 1186
1050 1450 0 0 0 0 1187
1100 1450 0 0 0 0 1188
1150 1450 1 1 0 0 1189
1200 1450 1 1 0 0 1190
1250 1450 1 1 0 0 1191
1300 1450 1 1 0 0 1192
1350 1450 1 1 0 0 1193
1400 1450 0 0 0 0 1194
1450 1450 0 0 0 0 1195
1500 1450 0 0 0 0 1196
1550 1450 0 0 0 0 1197
1600 1450 0 0 0 0 1198
1650 1450 0 0 0 0 1199
1700 1450 0 0 0 0 1200
1750 1450 0 0 0 0 1201
1800 1450 0 0 0 0 1202
1850 1450 0 0 0 0 1203
1900 1450 0 0 0 0 1204
1950 1450 0 0 0 0 1205
2000 1450 0 0 0 0 1206
2050 1450 0 0 0 0 1207
2100 1450 0 0 0 0 1208
2150 1450 0 0 0 0 1209
2200 1450 0 0 0 0 1210
2250 1450 0 0 0 0 1211
2300 1450 0 0 0 0 1212
2350 1450 0 0 0 0 1213
2400 1450 0 0 0 0 1214
200 1500 0 0 0 0 1215
250 1500 0 0 0 0 1216
300 1500 0 0 0 0 1217
350 1500 0 0 0 0 1218
400 1500 0 0 0 0 1219
450 1500 0 0 0 0 1220
500 1500 0 0 0 0 1221
550 1500 0 0 0 0 1222
600 1500 0 0 0 0 1223
650 1500 0 0 0 0 1224
700 1500 0 0 0 0 1225
750 1500 0 0 0 0 1226
800 1500 0 0 0 0 1227
850 1500 0 0 0 0 1228
900 1500 0 0 0 0 1229
950 1500 0 0 0 0 1230
1000 1500 0 0 0 0 1231
1050 1500 0 0 0 0 1232
1100 1500 0 0 0 0 1233
1150 1500 0 0 0 0 1234
1200 1500 0 0 0 0 1235
1250 1500 0 0 0 0 1236
1300 1500 0 0 0 0 1237
1350 1500 0 0 0 0 1238
1400 1500 0 0 0 0 1239
1450 1500 0 0 0 0 1240
1500 1500 0 0 0 0 1241
1550 1500 0 0 0 0 1242
1600 1500 0 0 0 0 1243
1650 1500 0 0 0 0 1244
1700 1500 0 0 0 0 1245
1750 1500 0 0 0 0 1246
1800 1500 0 0 0 0 1247
1850 1500 0 0 0 0 1248
1900 1500 0 0 0 0 1249
1950 1500 0 0 0 0 1250
2000 1500 0 0 0 0 1251
2050 1500 0 0 0 0 1252
2100 1500 0 0 0 0 1253
2150 1500 0 0 0 0 1254
2200 1500 0 0 0 0 1255
2250 1500 0 0 0 0 1256
2300 1500 0 0 0 0 1257
2350 1500 0 0 0 0 1258
2400 1500 0 0 0 0 1259
200 1550 0 0 0 0 1260
250 1550 0 0 0 0 1261
300 1550 0 0 0 0 1262
350 1550 0 0 0 0 1263
400 1550 0 0 0 0 1264
450 1550 0 0 0 0 1265
500 1550 0 0 0 0 1266
550 1550 0 0 0 0 1267
600 1550 0 0 0 0 1268
650 1550 0 0 0 0 1269
700 1550 0 0 0 0 1270
750 1550 0 0 0 0 1271
800 1550 0 0 0 0 1272
850 1550 0 0 0 0 1273
900 1550 0 0 0 0 1274
950 1550 0 0 0 0 1275
1000 1550 0 0 0 0 1276
1050 1550 0 0 0 0 1277
1100 1550 0 0 0 0 1278
1150 1550 0 0 0 0 1279
1200 1550 0 0 0 0 1280
1250 1550 0 0 0 0 1281
1300 1550 0 0 0 0 1282
1350 1550 0 0 0 0 1283
1400 1550 0 0 0 0 1284
1450 1550 0 0 0 0 1285
1500 1550 0 0 0 0 1286
1550 1550 0 0 0 0 1287
1600 1550 0 0 0 0 1288
1650 1550 0 0 0 0 1289
1700 1550 0 0 0 0 1290
1750 1550 0 0 0 0 1291
1800 1550 0 0 0 0 1292
1850 1550 0 0 0 0 1293
1900 1550 0 0 0 0 1294
1950 1550 0 0 0 0 1295
2000 1550 0 0 0 0 1296
2050 1550 0 0 0 0 1297
2100 1550 0 0 0 0 1298
2150 1550 0 0 0 0 1299
2200 1550 0 0 0 0 1300
2250 1550 0 0 0 0 1301
2300 1550 0 0 0 0 1302
2350 1550 0 0 0 0 1303
2400 1550 0 0 0 0 1304
200 1600 0 0 0 0 1305
250 1600 0 0 0 0 1306
300 1600 0 0 0 0 1307
350 1600 0 0 0 0 1308
400 1600 0 0 0 0 1309
450 1600 1 1 0 0 1310
500 1600 1 1 0 0 1311
550 1600 0 0 0 0 1312
600 1600 0 0 0 0 1313
650 1600 0 0 0 0 1314
700 1600 0 0 0 0 1315
750 1600 0 0 0 0 1316
800 1600 0 0 0 0 1317
850 1600 0 0 0 0 1318
900 1600 0 0 0 0 1319
950 1600 0 0 0 0 1320
1000 1600 0 0 0 0 1321
1050 1600 0 0 0 0 1322
1100 1600 0 0 0 0 1323
1150 1600 0 0 0 0 1324
1200 1600 0 0 0 0 1325
1250 1600 0 0 0 0 1326
1300 1600 0 0 0 0 1327
1350 1600 0 0 0 0 1328
1400 1600 0 0 0 0 1329
1450 1600 0 0 0 0 1330
1500 1600 0 0 0 0 1331
1550 1600 0 0 0 0 1332
1600 1600 0 0 0 0 1333
1650 1600 0 0 0 0 1334
1700 1600 0 0 0 0 1335
1750 1600 0 0 0 0 1336
1800 1600 0 0 0 0 1337
1850 1600 0 0 0 0 1338
1900 1600 0 0 0 0 1339
1950 1600 0 0 0 0 1340
2000 1600 0 0 0 0 1341
2050 1600 0 0 0 0 1342
2100 1600 0 0 0 0 1343
2150 1600 0 0 0 0 1344
2200 1600 0 0 0 0 1345
2250 1600 0 0 0 0 1346
2300 1600 0 0 0 0 1347
2350 1600 0 0 0 0 1348
2400 1600 0 0 0 0 1349
200 1650 0 0 0 0 1350
250 1650 0 0 0 0 1351
300 1650 0 0 0 0 1352
350 1650 0 0 0 0 1353
400 1650 0 0 0 0 1354
450 1650 0 0 0 0 1355
500 1650 0 0 0 0 1356
550 1650 0 0 0 0 1357
600 1650 0 0 0 0 1358
650 1650 0 0 0 0 1359
700 1650 0 0 0 0 1360
750 1650 0 0 0 0 1361
800 1650 0 0 0 0 1362
850 1650 0 0 0 0 1363
900 1650 0 0 0 0 1364
950 1650 0 0 0 0 1365
1000 1650 0 0 0 0 1366
1050 1650 0 0 0 0 1367
1100 1650 0 0 0 0 1368
1150 1650 0 0 0 0 1369
1200 1650 0 0 0 0 1370
1250 1650 0 0 0 0 1371
1300 1650 0 0 0 0 1372
1350 1650 0 0 0 0 1373
1400 1650 0 0 0 0 1374
1450 1650 0 0 0 0 1375
1500 1650 0 0 0 0 1376
1550 1650 0 0 0 0 1377
1600 1650 0 0 0 0 1378
1650 1650 0 0 0 0 1379
1700 1650 0 0 0 0 1380
1750 1650 0 0 0 0 1381
1800 1650 0 0 0 0 1382
1850 1650 0 0 0 0 1383
1900 1650 0 0 0 0 1384
1950 1650 0 0 0 0 1385
2000 1650 0 0 0 0 1386
2050 1650 0 0 0 0 1387
2100 1650 0 0 0 0 1388
2150 1650 0 0 0 0 1389
2200 1650 0 0 0 0 1390
2250 1650 0 0 0 0 1391
2300 1650 0 0 0 0 1392
2350 1650 0 0 0 0 1393
2400 1650 0 0 0 0 1394
200 1700 0 0 0 0 1395
250 1700 0 0 0 0 1396
300 1700 0 0 0 0 1397
350 1700 0 0 0 0 1398
400 1700 0 0 0 0 1399
450 1700 0 0 0 0 1400
500 1700 0 0 0 0 1401
550 1700 0 0 0 0 1402
600 1700 0 0 0 0 1403
650 1700 0 0 0 0 1404
700 1700 0 0 0 0 1405
750 1700 0 0 0 0 1406
800 1700 0 0 0 0 1407
850 1700 0 0 0 0 1408
900 1700 0 0 0 0 1409
950 1700 0 0 0 0 1410
1000 1700 0 0 0 0 1411
1050 1700 0 0 0 0 1412
1100 1700 0 0 0 0 1413
1150 1700 0 0 0 0 1414
1200 1700 0 0 0 0 1415
1250 1700 0 0 0 0 1416
1300 1700 0 0 0 0 1417
1350 1700 0 0 0 0 1418
1400 1700 0 0 0 0 1419
1450 1700 0 0 0 0 1420
1500 1700 0 0 0 0 1421
1550 1700 0 0 0 0 1422
1600 1700 0 0 0 0 1423
1650 1700 0 0 0 0 1424
1700 1700 0 0 0 0 1425
1750 1700 0 0 0 0 1426
1800 1700 0 0 0 0 1427
1850 1700 0 0 0 0 1428
1900 1700 0 0 0 0 1429
1950 1700 0 0 0 0 1430
2000 1700 0 0 0 0 1431
2050 1700 0 0 0 0 1432
2100 1700 0 0 0 0 1433
2150 1700 0 0 0 0 1434
2200 1700 0 0 0 0 1435
2250 1700 0 0 0 0 1436
2300 1700 0 0 0 0 1437
2350 1700 0 0 0 0 1438
2400 1700 0 0 0 0 1439
200 1750 0 0 0 0 1440
250 1750 0 0 0 0 1441
300 1750 0 0 0 0 1442
350 1750 0 0 0 0 1443
400 1750 0 0 0 0 1444
450 1750 0 0 0 0 1445
500 1750 0 0 0 0 1446
550 1750 0 0 0 0 1447
600 1750 0 0 0 0 1448
650 1750 0 0 0 0 1449
700 1750 0 0 0 0 1450
750 1750 0 0 0 0 1451
800 1750 0 0 0 0 1452
850 1750 0 0 0 0 1453
900 1750 0 0 0 0 1454
950 1750 0 0 0 0 1455
1000 1750 0 0 0 0 1456
1050 1750 0 0 0 0 1457
1100 1750 0 0 0 0 1458
1150 1750 0 0 0 0 1459
1200 1750 0 0 0 0 1460
1250 1750 0 0 0 0 1461
1300 1750 0 0 0 0 1462
1350 1750 0 0 0 0 1463
1400 1750 0 0 0 0 1464
1450 1750 0 0 0 0 1465
1500 1750 0 0 0 0 1466
1550 1750 0 0 0 0 1467
1600 1750 0 0 0 0 1468
1650 1750 0 0 0 0 1469
1700 1750 0 0 0 0 1470
1750 1750 0 0 0 0 1471
1800 1750 0 0 0 0 1472
1850 1750 0 0 0 0 1473
1900 1750 0 0 0 0 1474
1950 1750 0 0 0 0 1475
2000 1750 0 0 0 0 1476
2050 1750 1 1 0 0 1477
2100 1750 1 1 0 0 1478
2150 1750 1 1 0 0 1479
2200 1750 1 1 0 0 1480
2250 1750 1 1 0 0 1481
2300 1750 0 0 0 0 1482
2350 1750 0 0 0 0 1483
2400 1750 0 0 0 0 1484
200 1800 0 0 0 0 1485
250 1800 0 0 0 0 1486
300 1800 0 0 0 0 1487
350 1800 0 0 0 0 1488
400 1800 0 0 0 0 1489
450 1800 0 0 0 0 1490
500 1800 0 0 0 0 1491
550 1800 0 0 0 0 1492
600 1800 0 0 0 0 1493
650 1800 0 0 0 0 1494
700 1800 0 0 0 0 1495
750 1800 0 0 0 0 1496
800 1800 0 0 0 0 1497
850 1800 0 0 0 0 1498
900 1800 0 0 0 0 1499
950 1800 0 0 0 0 1500
1000 1800 0 0 0 0 1501
1050 1800 0 0 0 0 1502
1100 1800 0 0 0 0 1503
1150 1800 0 0 0 0 1504
1200 1800 0 0 0 0 1505
1250 1800 0 0 0 0 1506
1300 1800 0 0 0 0 1507
1350 1800 0 0 0 0 1508
1400 1800 0 0 0 0 1509
1450 1800 0 0 0 0 1510
1500 1800 0 0 0 0 1511
1550 1800 0 0 0 0 1512
1600 1800 0 0 0 0 1513
1650 1800 0 0 0 0 1514
1700 1800 0 0 0 0 1515
1750 1800 0 0 0 0 1516
1800 1800 0 0 0 0 1517
1850 1800 0 0 0 0 1518
1900 1800 0 0 0 0 1519
1950 1800 0 0 0 0 1520
2000 1800 0 0 0 0 1521
2050 1800 0 0 0 0 1522
2100 1800 0 0 0 0 1523
2150 1800 0 0 0 0 1524
2200 1800 0 0 0 0 1525
2250 1800 0 0 0 0 1526
2300 1800 0 0 0 0 1527
2350 1800 0 0 0 0 1528
2400 1800 0 0 0 0 1529
200 1850 0 0 0 0 1530
250 1850 0 0 0 0 1531
300 1850 0 0 0 0 1532
350 1850 0 0 0 0 1533
400 1850 0 0 0 0 1534
450 1850 0 0 0 0 1535
500 1850 0 0 0 0 1536
550 1850 0 0 0 0 1537
600 1850 0 0 0 0 1538
650 1850 0 0 0 0 1539
700 1850 0 0 0 0 1540
750 1850 0 0 0 0 1541
800 1850 0 0 0 0 1542
850 1850 0 0 0 0 1543
900 1850 0 0 0 0 1544
950 1850 0 0 0 0 1545
1000 1850 0 0 0 0 1546
1050 1850 0 0 0 0 1547
1100 1850 0 0 0 0 1548
1150 1850 0 0 0 0 1549
1200 1850 0 0 0 0 1550
1250 1850 0 0 0 0 1551
1300 1850 0 0 0 0 1552
1350 1850 0 0 0 0 1553
1400 1850 0 0 0 0 1554
1450 1850 0 0 0 0 1555
1500 1850 0 0 0 0 1556
1550 1850 0 0 0 0 1557
1600 1850 0 0 0 0 1558
1650 1850 0 0 0 0 1559
1700 1850 0 0 0 0 1560
1750 1850 0 0 0 0 1561
1800 1850 0 0 0 0 1562
1850 1850 0 0 0 0 1563
1900 1850 0 0 0 0 1564
1950 1850 0 0 0 0 1565
2000 1850 0 0 0 0 1566
2050 1850 0 0 0 0 1567
2100 1850 0 0 0 0 1568
2150 1850 0 0 0 0 1569
2200 1850 0 0 0 0 1570
2250 1850 0 0 0 0 1571
2300 1850 0 0 0 0 1572
2350 1850 0 0 0 0 1573
2400 1850 0 0 0 0 1574
413420 0 6000 38 0 0 0 0
8 0 9 6 0 0 0 0
8 0 18 2 0 0 0 0
8 0 22 5 0 0 0 0
8 0 13 6 0 0 0 0
8 0 15 2 0 0 0 0
8 0 6 3 0 0 0 0
9 1 0 5000
18 10 0 5000
11 10 0 5000
6 1 2
4 2 3 0
